BoneCount: 67
RootBone: 0
BoneName: RootNode
BoneIndex: 0
ParentIndex: -1
ChildCount: 2
1
2
1.000000 0.000000 -0.000000 0.000000
0.000000 1.000000 -0.000000 0.000000
-0.000000 -0.000000 1.000000 -0.000000
0.000000 0.000000 -0.000000 1.000000
1.000000 0.000000 0.000000 0.000000
0.000000 1.000000 0.000000 0.000000
0.000000 0.000000 1.000000 0.000000
0.000000 0.000000 0.000000 1.000000
BoneName: Ch44
BoneIndex: 1
ParentIndex: 0
ChildCount: 0
1.000000 0.000000 -0.000000 0.000000
0.000000 1.000000 -0.000000 0.000000
-0.000000 -0.000000 1.000000 -0.000000
0.000000 0.000000 -0.000000 1.000000
1.000000 0.000000 0.000000 0.000000
0.000000 1.000000 0.000000 0.000000
0.000000 0.000000 1.000000 0.000000
0.000000 0.000000 0.000000 1.000000
BoneName: mixamorig:Hips
BoneIndex: 2
ParentIndex: 0
ChildCount: 3
3
57
62
1.000000 0.000000 -0.000000 0.000000
0.000000 1.000000 -0.000000 0.000000
-0.000000 -0.000000 1.000000 -0.000000
0.000000 1.032666 -0.014691 1.000000
1.000000 0.000000 -0.000000 0.000000
0.000000 1.000000 -0.000000 0.000000
-0.000000 -0.000000 1.000000 -0.000000
0.000000 -1.032666 0.014691 1.000000
BoneName: mixamorig:Spine
BoneIndex: 3
ParentIndex: 2
ChildCount: 1
4
1.000000 0.000000 -0.000000 0.000000
0.000000 0.997344 0.072829 0.000000
-0.000000 -0.072829 0.997344 -0.000000
0.000000 0.109973 0.008031 1.000000
1.000000 0.000000 -0.000000 0.000000
0.000000 0.997344 -0.072829 0.000000
-0.000000 0.072829 0.997344 -0.000000
0.000000 -1.139120 0.089860 1.000000
BoneName: mixamorig:Spine1
BoneIndex: 4
ParentIndex: 3
ChildCount: 1
5
1.000000 0.000000 -0.000000 0.000000
0.000000 1.000000 -0.000000 0.000000
-0.000000 -0.000000 1.000000 -0.000000
0.000000 0.128644 0.000000 1.000000
1.000000 0.000000 -0.000000 0.000000
0.000000 0.997344 -0.072829 0.000000
-0.000000 0.072829 0.997344 -0.000000
0.000000 -1.267764 0.089860 1.000000
BoneName: mixamorig:Spine2
BoneIndex: 5
ParentIndex: 4
ChildCount: 3
6
9
33
1.000000 0.000000 -0.000000 0.000000
0.000000 1.000000 -0.000000 0.000000
-0.000000 -0.000000 1.000000 -0.000000
0.000000 0.147022 -0.000000 1.000000
1.000000 0.000000 -0.000000 0.000000
0.000000 0.997344 -0.072829 0.000000
-0.000000 0.072829 0.997344 -0.000000
0.000000 -1.414786 0.089860 1.000000
BoneName: mixamorig:Neck
BoneIndex: 6
ParentIndex: 5
ChildCount: 1
7
1.000000 0.000000 -0.000000 0.000000
0.000000 0.997344 -0.072829 0.000000
-0.000000 0.072829 0.997344 -0.000000
0.000000 0.165399 -0.000000 1.000000
1.000000 0.000000 -0.000000 0.000000
0.000000 1.000000 0.000000 0.000000
-0.000000 -0.000000 1.000000 -0.000000
0.000000 -1.582533 -0.025462 1.000000
BoneName: mixamorig:Head
BoneIndex: 7
ParentIndex: 6
ChildCount: 1
8
1.000000 0.000000 -0.000000 0.000000
0.000000 1.000000 -0.000000 0.000000
-0.000000 -0.000000 1.000000 -0.000000
0.000000 0.061885 -0.023216 1.000000
1.000000 0.000000 -0.000000 0.000000
0.000000 1.000000 0.000000 0.000000
-0.000000 -0.000000 1.000000 -0.000000
0.000000 -1.644418 -0.002246 1.000000
BoneName: mixamorig:HeadTop_End
BoneIndex: 8
ParentIndex: 7
ChildCount: 0
1.000000 0.000000 -0.000000 0.000000
0.000000 1.000000 -0.000000 0.000000
-0.000000 -0.000000 1.000000 -0.000000
0.000000 0.237178 -0.088978 1.000000
1.000000 0.000000 -0.000000 0.000000
0.000000 1.000000 0.000000 0.000000
-0.000000 -0.000000 1.000000 -0.000000
0.000000 -1.881596 0.086732 1.000000
BoneName: mixamorig:LeftShoulder
BoneIndex: 9
ParentIndex: 5
ChildCount: 1
10
-0.015628 0.000026 0.999878 0.000000
0.965663 -0.259358 0.015100 0.000000
0.259327 0.965781 0.004028 -0.000000
0.079853 0.144036 0.001244 1.000000
-0.015628 0.965663 0.259327 0.000000
-0.072794 -0.259769 0.962923 0.000000
0.997225 -0.003828 0.074354 -0.000000
0.089812 0.328520 -1.525832 1.000000
BoneName: mixamorig:LeftArm
BoneIndex: 10
ParentIndex: 9
ChildCount: 1
11
0.997591 -0.069377 -0.000000 0.000000
0.068756 0.988660 0.133504 0.000000
-0.009262 -0.133183 0.991048 -0.000000
0.000000 0.164434 -0.000000 1.000000
-0.082585 0.988260 0.128541 0.000000
-0.054597 -0.133274 0.989574 0.000000
0.995087 0.074706 0.064962 -0.000000
0.078212 -0.035305 -1.534858 1.000000
BoneName: mixamorig:LeftForeArm
BoneIndex: 11
ParentIndex: 10
ChildCount: 1
12
0.973581 0.228340 -0.000000 0.000000
-0.227190 0.968679 0.100224 0.000000
0.022885 -0.097576 0.994965 -0.000000
0.000000 0.207029 -0.000000 1.000000
0.145256 0.988952 0.029573 0.000000
-0.083586 -0.017517 0.996347 0.000000
0.985857 -0.147197 0.080118 -0.000000
0.020812 -0.406342 -1.501694 1.000000
BoneName: mixamorig:LeftHand
BoneIndex: 12
ParentIndex: 11
ChildCount: 5
13
17
21
25
29
0.972875 0.064872 -0.222050 0.000000
-0.112243 0.971690 -0.207893 0.000000
0.202277 0.227177 0.952615 -0.000000
-0.000000 0.284808 -0.000000 1.000000
0.198904 0.938503 0.282221 0.000000
-0.303694 -0.214773 0.928247 0.000000
0.931776 -0.270341 0.242299 -0.000000
0.308861 -0.361728 -1.583340 1.000000
BoneName: mixamorig:LeftHandThumb1
BoneIndex: 13
ParentIndex: 12
ChildCount: 1
14
0.781580 0.623805 -0.000000 0.000000
-0.593986 0.744218 -0.305484 0.000000
-0.190562 0.238760 0.952197 -0.000000
-0.027703 0.032604 -0.013720 1.000000
0.740903 0.494091 0.454904 0.000000
-0.371337 -0.263012 0.890468 0.000000
0.559617 -0.828673 -0.011392 -0.000000
0.017065 -0.013891 -1.652875 1.000000
BoneName: mixamorig:LeftHandThumb2
BoneIndex: 14
ParentIndex: 13
ChildCount: 1
15
1.000000 0.000000 -0.000000 0.000000
0.000000 0.989067 -0.147469 0.000000
-0.000000 0.147469 0.989067 -0.000000
-0.001051 0.035929 0.000000 1.000000
0.740903 0.421605 0.522793 0.000000
-0.371337 -0.391453 0.841946 0.000000
0.559617 -0.817933 -0.133471 -0.000000
0.018116 0.194473 -1.642151 1.000000
BoneName: mixamorig:LeftHandThumb3
BoneIndex: 15
ParentIndex: 14
ChildCount: 1
16
1.000000 0.000000 -0.000000 0.000000
0.000000 0.998617 -0.052569 0.000000
-0.000000 0.052569 0.998617 -0.000000
-0.000331 0.034937 0.000000 1.000000
0.740903 0.393539 0.544233 0.000000
-0.371337 -0.435172 0.820204 0.000000
0.559617 -0.809785 -0.176284 -0.000000
0.018447 0.245641 -1.631493 1.000000
BoneName: mixamorig:LeftHandThumb4
BoneIndex: 16
ParentIndex: 15
ChildCount: 0
1.000000 0.000000 -0.000000 0.000000
0.000000 1.000000 -0.000000 0.000000
-0.000000 -0.000000 1.000000 -0.000000
0.001382 0.026226 -0.000000 1.000000
0.740903 0.393539 0.544233 0.000000
-0.371337 -0.435172 0.820204 0.000000
0.559617 -0.809785 -0.176284 -0.000000
0.017065 0.219415 -1.631493 1.000000
BoneName: mixamorig:LeftHandIndex1
BoneIndex: 17
ParentIndex: 12
ChildCount: 1
18
0.975732 0.218968 0.000000 0.000000
-0.218358 0.973014 -0.074591 0.000000
-0.016333 0.072780 0.997214 -0.000000
-0.032589 0.107565 -0.000038 1.000000
0.399579 0.848693 0.346491 0.000000
-0.343352 -0.211902 0.914990 0.000000
0.849968 -0.484579 0.206729 -0.000000
0.230404 -0.413087 -1.618623 1.000000
BoneName: mixamorig:LeftHandIndex2
BoneIndex: 18
ParentIndex: 17
ChildCount: 1
19
1.000000 0.000000 -0.000000 0.000000
0.000000 0.949059 -0.315097 0.000000
-0.000000 0.315097 0.949059 -0.000000
0.001094 0.028531 -0.000000 1.000000
0.399579 0.696282 0.596262 0.000000
-0.343352 -0.489418 0.801610 0.000000
0.849968 -0.525035 0.043509 -0.000000
0.229310 0.090902 -1.675322 1.000000
BoneName: mixamorig:LeftHandIndex3
BoneIndex: 19
ParentIndex: 18
ChildCount: 1
20
1.000000 0.000000 -0.000000 0.000000
0.000000 0.999972 0.007531 0.000000
-0.000000 -0.007531 0.999972 -0.000000
-0.000612 0.026860 -0.000000 1.000000
0.399579 0.700753 0.591001 0.000000
-0.343352 -0.483367 0.805273 0.000000
0.849968 -0.524692 0.047461 -0.000000
0.229923 0.051423 -1.675757 1.000000
BoneName: mixamorig:LeftHandIndex4
BoneIndex: 20
ParentIndex: 19
ChildCount: 0
1.000000 0.000000 -0.000000 0.000000
0.000000 1.000000 -0.000000 0.000000
-0.000000 -0.000000 1.000000 -0.000000
-0.000481 0.022498 0.000000 1.000000
0.399579 0.700753 0.591001 0.000000
-0.343352 -0.483367 0.805273 0.000000
0.849968 -0.524692 0.047462 -0.000000
0.230404 0.028925 -1.675757 1.000000
BoneName: mixamorig:LeftHandMiddle1
BoneIndex: 21
ParentIndex: 12
ChildCount: 1
22
0.999615 -0.027734 0.000000 0.000000
0.027726 0.999345 -0.023271 0.000000
0.000645 0.023262 0.999729 -0.000000
-0.011050 0.110615 0.001790 1.000000
0.172800 0.936836 0.304104 0.000000
-0.297621 -0.244653 0.922804 0.000000
0.938915 -0.249968 0.236546 -0.000000
0.332888 -0.426277 -1.595481 1.000000
BoneName: mixamorig:LeftHandMiddle2
BoneIndex: 22
ParentIndex: 21
ChildCount: 1
23
1.000000 0.000000 -0.000000 0.000000
0.000000 0.908301 -0.418317 0.000000
-0.000000 0.418317 0.908301 -0.000000
0.000886 0.031129 -0.000000 1.000000
0.172800 0.723717 0.668112 0.000000
-0.297621 -0.608243 0.735841 0.000000
0.938915 -0.325997 0.110289 -0.000000
0.332001 0.251954 -1.640518 1.000000
BoneName: mixamorig:LeftHandMiddle3
BoneIndex: 23
ParentIndex: 22
ChildCount: 1
24
1.000000 0.000000 -0.000000 0.000000
0.000000 0.997395 -0.072133 0.000000
-0.000000 0.072133 0.997395 -0.000000
-0.000394 0.030163 0.000000 1.000000
0.172800 0.673639 0.718576 0.000000
-0.297621 -0.659737 0.690050 0.000000
0.938915 -0.333103 0.086487 -0.000000
0.332395 0.339549 -1.620246 1.000000
BoneName: mixamorig:LeftHandMiddle4
BoneIndex: 24
ParentIndex: 23
ChildCount: 0
1.000000 0.000000 -0.000000 0.000000
0.000000 1.000000 -0.000000 0.000000
-0.000000 -0.000000 1.000000 -0.000000
-0.000493 0.024679 -0.000000 1.000000
0.172800 0.673639 0.718576 0.000000
-0.297621 -0.659737 0.690050 0.000000
0.938915 -0.333103 0.086487 -0.000000
0.332888 0.314869 -1.620246 1.000000
BoneName: mixamorig:LeftHandRing1
BoneIndex: 25
ParentIndex: 12
ChildCount: 1
26
0.989613 -0.143755 -0.000000 0.000000
0.142955 0.984103 -0.105385 0.000000
0.015150 0.104290 0.994431 -0.000000
0.012609 0.107681 0.001175 1.000000
0.061924 0.922276 0.381540 0.000000
-0.269665 -0.352596 0.896078 0.000000
0.960961 -0.158376 0.226871 -0.000000
0.360656 -0.252612 -1.620158 1.000000
BoneName: mixamorig:LeftHandRing2
BoneIndex: 26
ParentIndex: 25
ChildCount: 1
27
1.000000 0.000000 -0.000000 0.000000
0.000000 0.958275 -0.285846 0.000000
-0.000000 0.285846 0.958275 -0.000000
0.000390 0.029332 -0.000000 1.000000
0.061924 0.774732 0.629250 0.000000
-0.269665 -0.594025 0.757902 0.000000
0.960961 -0.216618 0.172134 -0.000000
0.360266 0.192936 -1.633151 1.000000
BoneName: mixamorig:LeftHandRing3
BoneIndex: 27
ParentIndex: 26
ChildCount: 1
28
1.000000 0.000000 -0.000000 0.000000
0.000000 0.970306 -0.241881 0.000000
-0.000000 0.241881 0.970306 -0.000000
-0.000038 0.028698 0.000000 1.000000
0.061924 0.599524 0.797958 0.000000
-0.269665 -0.759708 0.591713 0.000000
0.960961 -0.251822 0.114627 -0.000000
0.360304 0.554389 -1.544930 1.000000
BoneName: mixamorig:LeftHandRing4
BoneIndex: 28
ParentIndex: 27
ChildCount: 0
1.000000 0.000000 -0.000000 0.000000
0.000000 1.000000 -0.000000 0.000000
-0.000000 -0.000000 1.000000 -0.000000
-0.000352 0.025825 0.000000 1.000000
0.061924 0.599524 0.797958 0.000000
-0.269665 -0.759708 0.591713 0.000000
0.960961 -0.251822 0.114627 -0.000000
0.360656 0.528564 -1.544930 1.000000
BoneName: mixamorig:LeftHandPinky1
BoneIndex: 29
ParentIndex: 12
ChildCount: 1
30
0.923757 -0.382980 -0.000000 0.000000
0.371070 0.895028 -0.247451 0.000000
0.094769 0.228585 0.968900 -0.000000
0.031030 0.098046 0.002565 1.000000
-0.175689 0.843958 0.506822 0.000000
-0.198286 -0.534615 0.821504 0.000000
0.964270 0.043834 0.261271 -0.000000
0.432733 0.084018 -1.615351 1.000000
BoneName: mixamorig:LeftHandPinky2
BoneIndex: 30
ParentIndex: 29
ChildCount: 1
31
1.000000 0.000000 -0.000000 0.000000
0.000000 0.953661 -0.300883 0.000000
-0.000000 0.300883 0.953661 -0.000000
-0.000286 0.027931 -0.000000 1.000000
-0.175689 0.652356 0.737269 0.000000
-0.198286 -0.757018 0.622580 0.000000
0.964270 -0.036809 0.262353 -0.000000
0.433020 0.539520 -1.523621 1.000000
BoneName: mixamorig:LeftHandPinky3
BoneIndex: 31
ParentIndex: 30
ChildCount: 1
32
1.000000 0.000000 -0.000000 0.000000
0.000000 0.980726 -0.195386 0.000000
-0.000000 0.195386 0.980726 -0.000000
0.000035 0.023076 -0.000000 1.000000
-0.175689 0.495731 0.850520 0.000000
-0.198286 -0.864071 0.462670 0.000000
0.964270 -0.087360 0.250104 -0.000000
0.432984 0.804184 -1.393350 1.000000
BoneName: mixamorig:LeftHandPinky4
BoneIndex: 32
ParentIndex: 31
ChildCount: 0
1.000000 0.000000 -0.000000 0.000000
0.000000 1.000000 -0.000000 0.000000
-0.000000 -0.000000 1.000000 -0.000000
0.000251 0.020276 -0.000000 1.000000
-0.175689 0.495731 0.850520 0.000000
-0.198286 -0.864071 0.462670 0.000000
0.964270 -0.087360 0.250104 -0.000000
0.432733 0.783908 -1.393350 1.000000
BoneName: mixamorig:RightShoulder
BoneIndex: 33
ParentIndex: 5
ChildCount: 1
34
-0.023526 -0.000048 -0.999723 0.000000
-0.965663 -0.258801 0.022737 0.000000
-0.258731 0.965931 0.006042 -0.000000
-0.079853 0.144082 0.001872 1.000000
-0.023526 -0.965663 -0.258731 0.000000
0.072761 -0.259770 0.962925 0.000000
-0.997072 0.003828 0.076374 -0.000000
-0.089767 0.328326 -1.525887 1.000000
BoneName: mixamorig:RightArm
BoneIndex: 34
ParentIndex: 33
ChildCount: 1
35
0.998693 0.051120 -0.000000 0.000000
-0.050671 0.989904 0.132371 0.000000
0.006767 -0.132198 0.991200 -0.000000
0.000000 0.164434 -0.000000 1.000000
-0.072861 -0.988970 -0.128954 0.000000
0.059386 -0.133370 0.989285 0.000000
-0.995573 0.064422 0.068449 -0.000000
-0.081272 -0.035198 -1.534733 1.000000
BoneName: mixamorig:RightForeArm
BoneIndex: 35
ParentIndex: 34
ChildCount: 1
36
0.975661 -0.219282 -0.000000 0.000000
0.218182 0.970764 0.100070 0.000000
-0.021944 -0.097635 0.994980 -0.000000
-0.000000 0.206880 -0.000000 1.000000
0.145776 -0.988858 -0.030150 0.000000
0.087187 -0.017516 0.996038 0.000000
-0.985468 -0.147828 0.083662 -0.000000
-0.026210 -0.406314 -1.501611 1.000000
BoneName: mixamorig:RightHand
BoneIndex: 36
ParentIndex: 35
ChildCount: 5
37
41
45
49
53
0.974043 -0.050031 0.220765 0.000000
0.097225 0.973196 -0.208415 0.000000
-0.204420 0.224469 0.952799 -0.000000
-0.000000 0.284835 -0.000000 1.000000
0.184810 -0.941896 -0.280495 0.000000
0.305690 -0.216160 0.927269 0.000000
-0.934023 -0.257114 0.247980 -0.000000
-0.322454 -0.362213 -1.580517 1.000000
BoneName: mixamorig:RightHandThumb1
BoneIndex: 37
ParentIndex: 36
ChildCount: 1
38
0.765509 -0.643425 0.000000 0.000000
0.613035 0.729353 -0.303698 0.000000
0.195407 0.232484 0.952768 -0.000000
0.026987 0.030586 -0.012998 1.000000
0.747514 -0.488493 -0.450109 0.000000
0.373091 -0.251867 0.892953 0.000000
-0.549569 -0.835427 -0.006022 -0.000000
-0.014763 -0.024656 -1.653085 1.000000
BoneName: mixamorig:RightHandThumb2
BoneIndex: 38
ParentIndex: 37
ChildCount: 1
39
1.000000 0.000000 -0.000000 0.000000
0.000000 0.987204 -0.159463 0.000000
-0.000000 0.159463 0.987204 -0.000000
0.000783 0.034240 0.000000 1.000000
0.747514 -0.410467 -0.522246 0.000000
0.373091 -0.391037 0.841364 0.000000
-0.549569 -0.823776 -0.139164 -0.000000
-0.015546 0.205463 -1.641324 1.000000
BoneName: mixamorig:RightHandThumb3
BoneIndex: 39
ParentIndex: 38
ChildCount: 1
40
1.000000 0.000000 -0.000000 0.000000
0.000000 0.999012 -0.044446 0.000000
-0.000000 0.044446 0.999012 -0.000000
-0.000530 0.035646 -0.000000 1.000000
0.747514 -0.386849 -0.539973 0.000000
0.373091 -0.428046 0.823152 0.000000
-0.549569 -0.816777 -0.175640 -0.000000
-0.015016 0.242598 -1.632154 1.000000
BoneName: mixamorig:RightHandThumb4
BoneIndex: 40
ParentIndex: 39
ChildCount: 0
1.000000 0.000000 -0.000000 0.000000
0.000000 1.000000 -0.000000 0.000000
-0.000000 -0.000000 1.000000 -0.000000
-0.000253 0.030870 -0.000000 1.000000
0.747514 -0.386849 -0.539973 0.000000
0.373091 -0.428046 0.823152 0.000000
-0.549569 -0.816777 -0.175640 -0.000000
-0.014763 0.211728 -1.632154 1.000000
BoneName: mixamorig:RightHandIndex1
BoneIndex: 41
ParentIndex: 36
ChildCount: 1
42
0.978087 -0.208195 0.000000 0.000000
0.206884 0.971927 -0.112062 0.000000
0.023331 0.109607 0.993701 -0.000000
0.033294 0.107569 0.000082 1.000000
0.376859 -0.845786 -0.377655 0.000000
0.343995 -0.250761 0.904868 0.000000
-0.860026 -0.470919 0.196445 -0.000000
-0.250146 -0.353066 -1.630434 1.000000
BoneName: mixamorig:RightHandIndex2
BoneIndex: 42
ParentIndex: 41
ChildCount: 1
43
1.000000 0.000000 -0.000000 0.000000
0.000000 0.959553 -0.281529 0.000000
-0.000000 0.281529 0.959553 -0.000000
-0.000778 0.027766 0.000000 1.000000
0.376859 -0.705256 -0.600493 0.000000
0.343995 -0.495365 0.797672 0.000000
-0.860026 -0.507177 0.055922 -0.000000
-0.249368 0.093586 -1.671703 1.000000
BoneName: mixamorig:RightHandIndex3
BoneIndex: 43
ParentIndex: 42
ChildCount: 1
44
1.000000 0.000000 -0.000000 0.000000
0.000000 0.997985 0.063452 0.000000
-0.000000 -0.063452 0.997985 -0.000000
0.000572 0.027377 -0.000000 1.000000
0.376859 -0.741937 -0.554533 0.000000
0.343995 -0.443753 0.827497 0.000000
-0.860026 -0.502606 0.087991 -0.000000
-0.249939 -0.039997 -1.672536 1.000000
BoneName: mixamorig:RightHandIndex4
BoneIndex: 44
ParentIndex: 43
ChildCount: 0
1.000000 0.000000 -0.000000 0.000000
0.000000 1.000000 -0.000000 0.000000
-0.000000 -0.000000 1.000000 -0.000000
0.000206 0.021855 0.000000 1.000000
0.376859 -0.741937 -0.554533 0.000000
0.343995 -0.443753 0.827497 0.000000
-0.860026 -0.502606 0.087991 -0.000000
-0.250146 -0.061852 -1.672536 1.000000
BoneName: mixamorig:RightHandMiddle1
BoneIndex: 45
ParentIndex: 36
ChildCount: 1
46
0.999995 -0.003233 -0.000000 0.000000
0.003224 0.997271 -0.073758 0.000000
0.000238 0.073758 0.997276 -0.000000
0.011472 0.110134 0.002639 1.000000
0.187854 -0.918041 -0.349159 0.000000
0.306387 -0.282978 0.908873 0.000000
-0.933187 -0.277714 0.228118 -0.000000
-0.332397 -0.355364 -1.613763 1.000000
BoneName: mixamorig:RightHandMiddle2
BoneIndex: 46
ParentIndex: 45
ChildCount: 1
47
1.000000 0.000000 -0.000000 0.000000
0.000000 0.929103 -0.369821 0.000000
-0.000000 0.369821 0.929103 -0.000000
-0.000850 0.032400 0.000000 1.000000
0.187854 -0.723828 -0.663915 0.000000
0.306387 -0.599036 0.739786 0.000000
-0.933187 -0.342387 0.109240 -0.000000
-0.331547 0.236531 -1.642755 1.000000
BoneName: mixamorig:RightHandMiddle3
BoneIndex: 47
ParentIndex: 46
ChildCount: 1
48
1.000000 0.000000 -0.000000 0.000000
0.000000 0.989832 -0.142239 0.000000
-0.000000 0.142239 0.989832 -0.000000
0.000278 0.030020 0.000000 1.000000
0.187854 -0.622034 -0.760122 0.000000
0.306387 -0.698172 0.647057 0.000000
-0.933187 -0.354444 0.059429 -0.000000
-0.331824 0.438076 -1.596678 1.000000
BoneName: mixamorig:RightHandMiddle4
BoneIndex: 48
ParentIndex: 47
ChildCount: 0
1.000000 0.000000 -0.000000 0.000000
0.000000 1.000000 -0.000000 0.000000
-0.000000 -0.000000 1.000000 -0.000000
0.000573 0.025385 -0.000000 1.000000
0.187854 -0.622033 -0.760122 0.000000
0.306387 -0.698172 0.647057 0.000000
-0.933187 -0.354444 0.059429 -0.000000
-0.332397 0.412691 -1.596678 1.000000
BoneName: mixamorig:RightHandRing1
BoneIndex: 49
ParentIndex: 36
ChildCount: 1
50
0.994430 0.105395 -0.000000 0.000000
-0.104525 0.986228 -0.128177 0.000000
-0.013509 0.127463 0.991751 -0.000000
-0.013184 0.110959 0.001788 1.000000
0.084510 -0.912288 -0.400735 0.000000
0.281206 -0.363989 0.887939 0.000000
-0.955919 -0.187729 0.225780 -0.000000
-0.357417 -0.231514 -1.625387 1.000000
BoneName: mixamorig:RightHandRing2
BoneIndex: 50
ParentIndex: 49
ChildCount: 1
51
1.000000 0.000000 -0.000000 0.000000
0.000000 0.949020 -0.315216 0.000000
-0.000000 0.315216 0.949020 -0.000000
-0.000378 0.028752 -0.000000 1.000000
0.084510 -0.739462 -0.667873 0.000000
0.281206 -0.625325 0.727937 0.000000
-0.955919 -0.249328 0.155094 -0.000000
-0.357039 0.265349 -1.624565 1.000000
BoneName: mixamorig:RightHandRing3
BoneIndex: 51
ParentIndex: 50
ChildCount: 1
52
1.000000 0.000000 -0.000000 0.000000
0.000000 0.984593 -0.174859 0.000000
-0.000000 0.174859 0.984593 -0.000000
0.000086 0.026949 -0.000000 1.000000
0.084510 -0.611286 -0.786885 0.000000
0.281206 -0.742978 0.607378 0.000000
-0.955919 -0.272606 0.109108 -0.000000
-0.357125 0.518798 -1.557850 1.000000
BoneName: mixamorig:RightHandRing4
BoneIndex: 52
ParentIndex: 51
ChildCount: 0
1.000000 0.000000 -0.000000 0.000000
0.000000 1.000000 -0.000000 0.000000
-0.000000 -0.000000 1.000000 -0.000000
0.000292 0.023604 -0.000000 1.000000
0.084510 -0.611286 -0.786885 0.000000
0.281206 -0.742978 0.607378 0.000000
-0.955919 -0.272606 0.109108 -0.000000
-0.357417 0.495194 -1.557850 1.000000
BoneName: mixamorig:RightHandPinky1
BoneIndex: 53
ParentIndex: 36
ChildCount: 1
54
0.950507 0.310705 -0.000000 0.000000
-0.304759 0.932319 -0.194688 0.000000
-0.060490 0.185052 0.980865 -0.000000
-0.031581 0.098099 0.001524 1.000000
-0.116988 -0.879861 -0.460607 0.000000
0.223399 -0.475220 0.851034 0.000000
-0.967681 -0.003338 0.252155 -0.000000
-0.419497 -0.032507 -1.619355 1.000000
BoneName: mixamorig:RightHandPinky2
BoneIndex: 54
ParentIndex: 53
ChildCount: 1
55
1.000000 0.000000 -0.000000 0.000000
0.000000 0.919506 -0.393077 0.000000
-0.000000 0.393077 0.919506 -0.000000
0.000164 0.028559 -0.000000 1.000000
-0.116988 -0.627983 -0.769383 0.000000
0.223399 -0.771489 0.595733 0.000000
-0.967681 -0.102186 0.230546 -0.000000
-0.419661 0.580380 -1.513010 1.000000
BoneName: mixamorig:RightHandPinky3
BoneIndex: 55
ParentIndex: 54
ChildCount: 1
56
1.000000 0.000000 -0.000000 0.000000
0.000000 0.974769 -0.223216 0.000000
-0.000000 0.223216 0.974769 -0.000000
-0.000055 0.023043 -0.000000 1.000000
-0.116988 -0.440400 -0.890147 0.000000
0.223399 -0.885001 0.408493 0.000000
-0.967681 -0.151069 0.201919 -0.000000
-0.419606 0.881003 -1.350428 1.000000
BoneName: mixamorig:RightHandPinky4
BoneIndex: 56
ParentIndex: 55
ChildCount: 0
1.000000 0.000000 -0.000000 0.000000
0.000000 1.000000 -0.000000 0.000000
-0.000000 -0.000000 1.000000 -0.000000
-0.000109 0.019946 -0.000000 1.000000
-0.116988 -0.440400 -0.890147 0.000000
0.223399 -0.885001 0.408493 0.000000
-0.967681 -0.151069 0.201919 -0.000000
-0.419497 0.861057 -1.350429 1.000000
BoneName: mixamorig:LeftUpLeg
BoneIndex: 57
ParentIndex: 2
ChildCount: 1
58
-0.994837 -0.101308 0.006047 0.000000
0.101488 -0.993069 0.059281 0.000000
0.000000 0.059588 0.998223 -0.000000
0.096407 -0.061193 -0.005866 1.000000
-0.994837 0.101488 0.000000 0.000000
-0.101308 -0.993069 0.059588 0.000000
0.006047 0.059281 0.998223 -0.000000
0.194451 0.956174 -0.037368 1.000000
BoneName: mixamorig:LeftLeg
BoneIndex: 58
ParentIndex: 57
ChildCount: 1
59
0.999911 0.013370 -0.000000 0.000000
-0.013348 0.998315 0.056467 0.000000
0.000755 -0.056462 0.998404 -0.000000
0.000000 0.450533 -0.000000 1.000000
-0.993391 0.114596 -0.006481 0.000000
-0.114576 -0.986679 0.115488 0.000000
0.006840 0.115467 0.993288 -0.000000
0.201194 0.500084 -0.065711 1.000000
BoneName: mixamorig:LeftFoot
BoneIndex: 59
ParentIndex: 58
ChildCount: 1
60
0.976062 -0.000000 -0.217492 0.000000
-0.189754 0.488677 -0.851580 0.000000
0.106283 0.872465 0.476979 -0.000000
0.000000 0.428238 -0.000000 1.000000
-0.968202 0.250020 -0.008691 0.000000
-0.136950 -0.558773 -0.817935 0.000000
-0.209356 -0.790736 0.575245 -0.000000
0.210670 0.052890 0.052724 1.000000
BoneName: mixamorig:LeftToeBase
BoneIndex: 60
ParentIndex: 59
ChildCount: 1
61
0.995585 0.000000 -0.093863 0.000000
-0.051165 0.838369 -0.542697 0.000000
0.078692 0.545103 0.834667 -0.000000
0.000000 0.165884 0.000000 1.000000
-0.963111 0.263864 0.052843 0.000000
-0.059572 -0.017560 -0.998070 0.000000
-0.262426 -0.964400 0.032631 -0.000000
0.204791 -0.134122 -0.001008 1.000000
BoneName: mixamorig:LeftToe_End
BoneIndex: 61
ParentIndex: 60
ChildCount: 0
1.000000 0.000000 -0.000000 0.000000
0.000000 1.000000 -0.000000 0.000000
-0.000000 -0.000000 1.000000 -0.000000
-0.000000 0.067149 0.000000 1.000000
-0.963111 0.263864 0.052843 0.000000
-0.059572 -0.017560 -0.998070 0.000000
-0.262426 -0.964400 0.032631 -0.000000
0.204791 -0.201272 -0.001008 1.000000
BoneName: mixamorig:RightUpLeg
BoneIndex: 62
ParentIndex: 2
ChildCount: 1
63
-0.994833 0.101388 -0.005333 0.000000
-0.101528 -0.993459 0.052260 0.000000
0.000000 0.052531 0.998619 -0.000000
-0.096407 -0.061193 -0.003589 1.000000
-0.994833 -0.101528 0.000000 0.000000
0.101388 -0.993459 0.052531 0.000000
-0.005333 0.052260 0.998619 -0.000000
-0.194502 0.956286 -0.032778 1.000000
BoneName: mixamorig:RightLeg
BoneIndex: 63
ParentIndex: 62
ChildCount: 1
64
0.999911 -0.013365 -0.000000 0.000000
0.013336 0.997752 0.065681 0.000000
-0.000878 -0.065675 0.997841 -0.000000
-0.000000 0.450356 0.000000 1.000000
-0.993387 -0.114567 0.007541 0.000000
0.114656 -0.986423 0.117574 0.000000
-0.006031 0.117661 0.993035 -0.000000
-0.201246 0.500046 -0.065764 1.000000
BoneName: mixamorig:RightFoot
BoneIndex: 64
ParentIndex: 63
ChildCount: 1
65
0.976864 0.000000 0.213861 0.000000
0.187468 0.481234 -0.856311 0.000000
-0.102917 0.876592 0.470100 -0.000000
-0.000000 0.428346 -0.000000 1.000000
-0.968791 -0.247820 0.005353 0.000000
0.137148 -0.553886 -0.821219 0.000000
0.206479 -0.794856 0.570588 -0.000000
-0.210655 0.053091 0.052648 1.000000
BoneName: mixamorig:RightToeBase
BoneIndex: 65
ParentIndex: 64
ChildCount: 1
66
0.994956 0.000000 0.100310 0.000000
0.054161 0.841704 -0.537215 0.000000
-0.084431 0.539938 0.837459 -0.000000
-0.000000 0.167359 0.000000 1.000000
-0.963368 -0.263938 -0.047528 0.000000
0.054080 -0.017609 -0.998381 0.000000
0.262674 -0.964379 0.031238 -0.000000
-0.204311 -0.135873 0.000178 1.000000
BoneName: mixamorig:RightToe_End
BoneIndex: 66
ParentIndex: 65
ChildCount: 0
1.000000 0.000000 -0.000000 0.000000
0.000000 1.000000 -0.000000 0.000000
-0.000000 -0.000000 1.000000 -0.000000
-0.000000 0.067132 -0.000000 1.000000
-0.963368 -0.263938 -0.047528 0.000000
0.054080 -0.017609 -0.998381 0.000000
0.262674 -0.964379 0.031238 -0.000000
-0.204311 -0.203004 0.000178 1.000000
