BoneCount: 18
RootBone: 0
BoneName: RootNode
BoneIndex: 0
ParentIndex: -1
ChildCount: 1
1
1.000000 0.000000 -0.000000 0.000000
0.000000 1.000000 -0.000000 0.000000
-0.000000 -0.000000 1.000000 -0.000000
0.000000 0.000000 -0.000000 1.000000
1.000000 0.000000 0.000000 0.000000
0.000000 1.000000 0.000000 0.000000
0.000000 0.000000 1.000000 0.000000
0.000000 0.000000 0.000000 1.000000
BoneName: Gun
BoneIndex: 1
ParentIndex: 0
ChildCount: 1
2
4.966702 0.000001 -0.000000 0.000000
-0.000000 0.000001 4.966702 0.000000
0.000001 -4.966702 0.000001 -0.000000
-0.000000 -0.070345 0.043456 1.000000
1.000000 0.000000 0.000000 0.000000
0.000000 1.000000 0.000000 0.000000
0.000000 0.000000 1.000000 0.000000
0.000000 0.000000 0.000000 1.000000
BoneName: Bone
BoneIndex: 2
ParentIndex: 1
ChildCount: 5
3
4
9
12
15
1.000000 0.000000 -0.000000 0.000000
0.000000 -0.260684 -0.965424 0.000000
-0.000000 0.965424 -0.260684 -0.000000
0.000000 0.000000 -0.000000 1.000000
1.000000 0.000000 0.000000 0.000000
0.000000 1.000000 0.000000 0.000000
0.000000 0.000000 1.000000 0.000000
0.000000 0.000000 0.000000 1.000000
BoneName: Handle
BoneIndex: 3
ParentIndex: 2
ChildCount: 0
20.134085 0.000000 -0.000000 0.000000
0.000000 -5.248640 19.437933 0.000000
-0.000000 -19.437933 -5.248640 -0.000000
0.000000 0.015138 -0.010605 1.000000
1.000000 0.000000 0.000000 0.000000
0.000000 1.000000 0.000000 0.000000
0.000000 0.000000 1.000000 0.000000
0.000000 0.000000 0.000000 1.000000
BoneName: Bone.003
BoneIndex: 4
ParentIndex: 2
ChildCount: 2
5
6
1.000000 0.000001 -0.000001 0.000000
0.000000 -0.743005 -0.669285 0.000000
-0.000001 0.669285 -0.743005 -0.000000
0.000000 0.020236 -0.006826 1.000000
1.000000 0.000000 0.000000 0.000000
0.000000 1.000000 0.000000 0.000000
0.000000 0.000000 1.000000 0.000000
0.000000 0.000000 0.000000 1.000000
BoneName: Trigger
BoneIndex: 5
ParentIndex: 4
ChildCount: 0
20.134083 0.000000 -0.000019 0.000000
-0.000017 -9.109776 -17.955313 0.000000
-0.000009 17.955311 -9.109776 -0.000000
0.000000 0.000000 -0.000000 1.000000
1.000000 0.000000 0.000000 0.000000
0.000000 1.000000 0.000000 0.000000
0.000000 0.000000 1.000000 0.000000
0.000000 0.000000 0.000000 1.000000
BoneName: Bone.004
BoneIndex: 6
ParentIndex: 4
ChildCount: 2
7
8
1.000000 -0.000001 -0.000000 0.000000
0.000001 0.779280 0.626676 0.000000
-0.000000 -0.626676 0.779280 -0.000000
-0.000000 0.001665 -0.000941 1.000000
1.000000 0.000000 0.000000 0.000000
0.000000 1.000000 0.000000 0.000000
0.000000 0.000000 1.000000 0.000000
0.000000 0.000000 0.000000 1.000000
BoneName: TriggerSafe
BoneIndex: 7
ParentIndex: 6
ChildCount: 0
20.134083 0.000000 -0.000019 0.000000
-0.000008 -18.125870 -8.765511 0.000000
-0.000017 8.765507 -18.125862 -0.000000
0.000000 0.000000 -0.000000 1.000000
1.000000 0.000000 0.000000 0.000000
0.000000 1.000000 0.000000 0.000000
0.000000 0.000000 1.000000 0.000000
0.000000 0.000000 0.000000 1.000000
BoneName: Bone.004_end
BoneIndex: 8
ParentIndex: 6
ChildCount: 0
1.000000 0.000000 -0.000000 0.000000
0.000000 1.000000 -0.000000 0.000000
-0.000000 -0.000000 1.000000 -0.000000
0.000000 0.001912 -0.000000 1.000000
1.000000 0.000000 0.000000 0.000000
0.000000 1.000000 0.000000 0.000000
0.000000 0.000000 1.000000 0.000000
0.000000 0.000000 0.000000 1.000000
BoneName: Bone.001
BoneIndex: 9
ParentIndex: 2
ChildCount: 2
10
11
1.000000 0.000001 0.000000 0.000000
0.000000 0.258976 -0.965884 0.000000
-0.000001 0.965884 0.258976 -0.000000
0.000000 0.021788 0.006322 1.000000
1.000000 0.000000 0.000000 0.000000
0.000000 1.000000 0.000000 0.000000
0.000000 0.000000 1.000000 0.000000
0.000000 0.000000 0.000000 1.000000
BoneName: Slide
BoneIndex: 10
ParentIndex: 9
ChildCount: 0
20.134090 0.000000 -0.000014 0.000000
-0.000000 -20.134064 -0.035598 0.000000
-0.000014 0.035598 -20.134064 -0.000000
-0.000000 0.014677 -0.010807 1.000000
1.000000 0.000000 0.000000 0.000000
0.000000 1.000000 0.000000 0.000000
0.000000 0.000000 1.000000 0.000000
0.000000 0.000000 0.000000 1.000000
BoneName: Bone.001_end
BoneIndex: 11
ParentIndex: 9
ChildCount: 0
1.000000 0.000000 -0.000000 0.000000
0.000000 1.000000 -0.000000 0.000000
-0.000000 -0.000000 1.000000 -0.000000
0.000000 0.018458 -0.000000 1.000000
1.000000 0.000000 0.000000 0.000000
0.000000 1.000000 0.000000 0.000000
0.000000 0.000000 1.000000 0.000000
0.000000 0.000000 0.000000 1.000000
BoneName: Bone.002
BoneIndex: 12
ParentIndex: 2
ChildCount: 2
13
14
1.000000 0.000001 0.000000 0.000000
0.000000 0.258976 -0.965884 0.000000
-0.000001 0.965884 0.258976 -0.000000
0.000000 0.026187 -0.010195 1.000000
1.000000 0.000000 0.000000 0.000000
0.000000 1.000000 0.000000 0.000000
0.000000 0.000000 1.000000 0.000000
0.000000 0.000000 0.000000 1.000000
BoneName: InnerPart
BoneIndex: 13
ParentIndex: 12
ChildCount: 0
20.134087 0.000000 -0.000014 0.000000
-0.000000 -20.134062 -0.035598 0.000000
-0.000014 0.035598 -20.134062 -0.000000
-0.000000 -0.002465 -0.010778 1.000000
1.000000 0.000000 0.000000 0.000000
0.000000 1.000000 0.000000 0.000000
0.000000 0.000000 1.000000 0.000000
0.000000 0.000000 0.000000 1.000000
BoneName: Bone.002_end
BoneIndex: 14
ParentIndex: 12
ChildCount: 0
1.000000 0.000000 -0.000000 0.000000
0.000000 1.000000 -0.000000 0.000000
-0.000000 -0.000000 1.000000 -0.000000
0.000000 0.018458 -0.000000 1.000000
1.000000 0.000000 0.000000 0.000000
0.000000 1.000000 0.000000 0.000000
0.000000 0.000000 1.000000 0.000000
0.000000 0.000000 0.000000 1.000000
BoneName: Bone.005
BoneIndex: 15
ParentIndex: 2
ChildCount: 2
16
17
1.000000 0.000000 0.000001 0.000000
0.000000 0.999547 -0.030104 0.000000
-0.000001 0.030104 0.999547 -0.000000
-0.000000 0.001681 0.000147 1.000000
1.000000 0.000000 0.000000 0.000000
0.000000 1.000000 0.000000 0.000000
0.000000 0.000000 1.000000 0.000000
0.000000 0.000000 0.000000 1.000000
BoneName: Magazine
BoneIndex: 16
ParentIndex: 15
ChildCount: 0
20.134083 0.000000 -0.000019 0.000000
0.000018 -5.831412 19.271120 0.000000
-0.000006 -19.271116 -5.831411 -0.000000
-0.000000 0.013774 -0.010342 1.000000
1.000000 0.000000 0.000000 0.000000
0.000000 1.000000 0.000000 0.000000
0.000000 0.000000 1.000000 0.000000
0.000000 0.000000 0.000000 1.000000
BoneName: Bone.005_end
BoneIndex: 17
ParentIndex: 15
ChildCount: 0
1.000000 0.000000 -0.000000 0.000000
0.000000 1.000000 -0.000000 0.000000
-0.000000 -0.000000 1.000000 -0.000000
0.000000 0.018458 -0.000000 1.000000
1.000000 0.000000 0.000000 0.000000
0.000000 1.000000 0.000000 0.000000
0.000000 0.000000 1.000000 0.000000
0.000000 0.000000 0.000000 1.000000
